0.08200331864479589 0.0757753929139011 0.049507525819086275 0.032741314654814405 
0.00682162005050534 0.010175012436778076 0.01019664776176963 0.02386203485581602 
0.0932569082151918 0.09977379837173471 0.008733560683252362 0.0011923933034920899 
0.08991678113854494 0.056545763513383564 0.036562706665837545 0.045220923597965694 
0.07355061889934948 0.08150904808497074 0.08048123046916915 0.01860153464020452 
0.044525707080459456 0.03484266318104645 0.005746713031843743 0.014981222087349711 
0.09219142588363845 0.05256895850045467 0.03692807069588438 0.011541509655542993 
0.041372923535078 0.05721032944754356 0.08758919055046455 0.009629328864327213 
0.05159192031285631 0.03299035453650352 0.03629029295849595 0.09064989246146789 
0.03208328448989045 0.09607131793039046 0.030800981438763822 0.014256210885778442 
0.046416889853192526 0.00983385035541009 0.01995385486196427 0.03458796155223042 
0.06701155372110566 0.020190612723885448 0.09154188022858802 0.09739207797799176 
0.08510868925595544 0.054463071817775356 0.07876492783489877 0.014776388926512951 
0.041132621822406006 0.07720185550051234 0.06481710554403577 0.03492161944023179 
0.0699593655307798 0.019779918451601555 0.06789746364526333 0.02219439282854523 
0.06499986414364188 0.07456411193334819 0.0035281397459155264 0.010236054145329111 
0.045603993985633355 0.02909996804526893 0.0377994865218801 0.038946956197750585 
0.02125984521067963 0.007020022029076112 0.026967256687535003 0.06482092637367436 
0.06261157496354304 0.05048313711235425 0.00634195118708365 0.06763999260000661 
0.01992041854586293 0.08398933604390756 0.0829633066300074 0.07561113379625645 
0.058994672456936806 0.04505083422401629 0.07256522247258189 0.057838404646943856 
-0.9796724878269265 0.12902468582852458 -0.9478010668306914 0.15990542877398362 
-0.914916370351954 0.1881330231463752 0.10072961128383218 0.1514092544365462 
-0.949935224701701 0.21193288240381258 0.14496981852947494 0.17533125294353097 
-0.9291773474008449 0.23545409991411778 0.1437112078647406 0.21821230238990158 
-0.9704773107175951 0.2596555421820732 0.18211017107482125 0.23380077278272232 
-0.954845450858395 0.2926933504688172 0.18166382800305225 0.21415696334908618 
-0.9252718650454499 0.2627928404345637 0.21535850453851582 0.1695421913012281 
-0.9210629452405331 0.20637179987417378 0.19000620062879273 0.10328653698661397 
-0.917830748025875 0.11400573644765277 0.19180143692009022 0.11707285298400896 
-0.9703733287903757 0.2315453584223214 0.07340670578873014 0.15172638506696098 
-0.9150192169626623 0.22058053597840593 0.12648356546908046 0.23559727104702974 
-0.9317385321077253 0.2964249963824536 0.2036405258482381 0.24571308285268753 
-0.9320888141296847 0.32696924795741544 0.24798548268416604 0.23385251895347192 
-0.9409308546612284 0.29684969734248123 0.2434309579235706 0.21900457564451167 
-0.9389920058884551 0.26292326996227533 0.2279465279637699 0.16054102011652296 
-0.9653199978039931 0.2373367317188419 0.22131536033252494 0.1506422871678065 
-0.9446357971650389 0.21010851668997604 0.1867567063521415 0.09686065898193119 
-0.9424416374315321 0.1063925827267134 0.16791511420415148 -0.9305914069311654 
0.03563233653896976 0.031030769190568464 0.08020197761679053 0.07947061129886951 
0.05451751397357784 0.025255194811524176 0.06923315270179911 0.008530265491811307 
0.05672393745815077 0.14998860952164275 -0.9532914938084052 0.18075983987889874 
0.15566483709971954 0.20852477472196335 0.12248677462570313 0.2030876686269906 
0.17364527889498926 0.23670543044579379 0.1850360566356037 0.22460315576164053 
0.17945313068704327 0.26465187516473837 0.208498290478569 0.2568788963811008 
0.2106229165541304 0.2942133118982805 0.23297942319666662 0.2859006743708956 
0.23626045283925323 0.33338567475665554 0.2632680964338093 0.24253363233825914 
0.2163552749276713 0.2860981426859117 0.2929125267537424 0.22706620532316096 
0.12931537513868205 -0.9262080536436701 0.26166038077526593 0.16841744982260975 
0.14068393858564995 -0.92127796454531 0.2050906833551852 0.1582745920916499 
0.13825592714183807 -0.922893144497682 0.15011203681554997 0.2829846428844793 
0.16364346440457206 -0.929884714709238 0.17661668699986438 0.34274901016795045 
0.2500850339878536 0.3640398586426599 0.24001960787673235 0.3260690624126441 
0.25951735120765623 0.36988329603067305 0.3017269411304534 0.2920562378003555 
0.2320807374217079 0.33499477476452816 0.32312155333183834 0.2641483126788285 
0.21898648323235728 0.2930895046729796 0.29698232201543245 0.23718707847989928 
0.16915718901460444 0.2647230584446996 0.2583327757941686 0.20278846511628398 
0.17715150462610055 0.23555326322175513 0.2299858890242917 0.15820454202377962 
0.07468340162630258 0.15562554623566588 0.21039106283081332 -0.9216836431598155 
0.09011659575140953 0.06207775151334242 0.053639229424066404 0.026271095572846594 
0.0241020796080062 0.09144813164640436 0.08547927565058307 0.034004364474323014 
0.1386591825098913 0.1836933989008292 -0.9209483160030062 0.2033843091159085 
0.18521136389375037 0.23318703789727227 0.15625342936713793 0.2251012111661152 
0.20877330807928376 0.26704339082039324 0.20005635927203022 0.25305090006024744 
0.23291539542689355 0.29659955907179775 0.23424493515543746 0.29198068869043065 
0.2631098479199127 0.33285619833386376 0.2641910157681864 0.31244858902833783 
0.29050948581703684 0.3743448732594303 0.2934415372786983 0.31181127060489877 
0.2635336381212338 0.3947533347925281 0.3279601044528448 -0.9254657158696432 
0.033903026681374085 0.08315628327766279 0.05021568857461002 0.08509042636479378 
0.07417535547219027 0.04681883945460283 0.003012012739427428 0.09273353120482192 
0.08701503737904803 0.0786450796568334 0.020804979756013156 0.0830506129015917 
0.07296240203998172 0.06886332845071114 0.019246825377517374 0.07915366411433856 
0.3135184148532825 0.45468687155280674 -0.930409710216569 0.3732307258614084 
0.33134531864811806 0.41738159869242014 0.3385497875204214 0.33251194738647777 
0.2988868218544343 0.3792204625729993 0.3671085679425955 0.2964041692079181 
0.2661579705046498 0.33258461090469077 0.32804805475403187 0.26527456173343916 
0.23162906755489865 0.2922160249951168 0.2973720625402446 0.23515913298330354 
0.20965523295329322 0.2566700786349352 0.2615016213799549 0.19033745356915832 
0.16337559943205923 0.21028885544026746 0.2302777148023995 -0.9545861410681826 
0.0523785663038272 0.006347497620314358 0.044460706018107005 0.03675214920116561 
0.08491862784640207 0.07861199929802659 0.018988903546133296 0.03970507445086995 
0.1588743184590402 0.20407559350253232 -0.9250900833389576 0.2331117304296778 
0.20668338468249792 0.25825832448296954 0.17112099001670833 0.2623055500716978 
0.23753135778026205 0.29074938200507017 0.23546959761250477 0.29729394386152014 
0.2644094216935019 0.33369045117289325 0.26736598899703723 0.3262644840320104 
0.297217100196564 0.3736441471189599 0.29497774706265945 0.3676956994720476 
0.33252607033835996 0.42207470842620215 0.32965354904645217 0.34634353932673534 
0.33248334666992874 0.4728082412548321 0.37295144576086897 -0.9218919138792159 
0.039636050160831895 0.027187699269138443 0.02311396991867705 0.08994536952886412 
0.05010389110534805 0.07733008359743428 0.08703604743715514 0.06493698709670974 
0.005442033855881424 0.056844520627824004 0.043222561964667755 0.020363370215931598 
0.08600601978817758 0.0585967222173492 0.07594213579386305 0.012798574035734768 
0.3593250624801654 0.5301712817158939 -0.9253226467671722 0.4204887239966683 
0.36944112265050505 0.4705649128186825 0.4408416390021366 0.3726676631239889 
0.33958864929145055 0.4229291054513211 0.4143642521105198 0.3269012968915646 
0.2991489730094145 0.3731691935285929 0.3665134000141175 0.2967973979393756 
0.2656561749410542 0.3357208921375556 0.32757056139924123 0.2681311400649269 
0.2340133762329208 0.2900262108331813 0.2970219563461947 0.21545058853730803 
0.1766195997108018 0.24078133853558434 0.2676744223482522 -0.9137613505819032 
0.05493940960182403 0.0648747627904619 0.09901298289423233 0.05077176724465465 
0.0178388799720973 0.056123925638301236 0.05732620401356192 0.048129422568685444 
0.1631203920172811 0.23167977083589408 -0.9505370636839164 0.2671981740282578 
0.23611574239312044 0.2908323729152537 0.23063204786490202 0.3006799851722777 
0.26104579669859684 0.32299876760078056 0.26116801434647763 0.3275974174099888 
0.29286856672012945 0.3750210904805205 0.2986776581600711 0.3625511344914108 
0.3312507551658398 0.41986959691061204 0.3325833825481648 0.41392847093491847 
0.35910835198981383 0.47210988639781915 0.37469595096891406 0.462519543920935 
0.39300204062099175 0.5303173870225713 0.4223443501397858 0.47529821214020845 
-0.9228305262257941 0.598089401637248 0.4702965737958365 0.5725430170974544 
-0.9232702249973647 0.6735180460832311 0.4877338577084681 0.577589478321033 
-0.9523591987858535 0.7466699171333984 0.5492373112850515 0.5302074195277334 
-0.9245318609368967 0.6685086219878148 0.6199777770796568 0.5272032585445862 
0.4469995348990556 0.5938535710330313 0.5633351389575744 0.4746946844012104 
0.42226616654633936 0.5330205728538498 0.5208086065446412 0.4259827651825534 
0.3758071203042385 0.46351937430415924 0.4749797715291941 0.3735755329869777 
0.33557284051873215 0.41351233049144587 0.4186290628548417 0.3333599686478984 
0.2972747934648807 0.3639034851650301 0.37524922998885435 0.29227492571937985 
0.264642618424459 0.3224209355232758 0.3384798033264094 0.2411537589301213 
0.1817924138948992 0.2396899516558641 0.3009546853250456 -0.9188566178409365 
0.09158236321998736 0.03326363981288962 0.08928580181854698 0.0501706361548504 
0.041687052968759256 0.0196009093395198 0.07041003025147789 0.09430145461337089 
0.1844679906475673 0.20763346030913268 -0.9172399359981896 0.29646686875869854 
0.266469540424507 0.2582900396591385 0.22199206422482906 0.32534153093177715 
0.2952402201491762 0.3080112599324838 0.2951672379291166 0.36323031431897423 
0.3319050578736185 0.403650019992044 0.3346850849073162 0.41267761962629945 
0.37241106706360083 0.4581594170457863 0.3792585691153691 0.4710087167359019 
0.41914702225382433 0.5263863876700378 0.42061680476130203 0.5296184553983974 
0.4677788214360781 0.5908259910967131 0.4723237293500028 0.590843578056566 
0.49387552157544123 0.6612835174794618 0.5320632623727779 0.6670552043526466 
0.5684032026595666 0.7503269439539826 0.5939059673763355 0.7381357250836035 
0.5689884432882102 0.839805473703175 0.6637869963985201 0.6669835316252969 
0.5594256703669451 0.7436377182719456 0.7396913284474191 0.5947883676049103 
0.5231549997439084 0.6713917260291283 0.6577525455201739 0.5280767066708988 
0.4731432221479706 0.5898003260427535 0.5925655987500217 0.47365056375221654 
0.4164060909756929 0.524002604564901 0.5268175416758278 0.4174722019990034 
0.3691420114389761 0.4422791085633012 0.4659384129892588 0.37663268832429686 
0.33209933578786827 0.31926609611581064 0.4168733692887998 0.32714303625605423 
0.2981794249437362 0.3085384293968584 0.3699296669686226 0.24658935731444806 
0.22228664310360968 0.2459939048979017 0.3177067935889737 -0.9401874941899505 
0.045856889232509225 0.06977313317045719 0.002414497033663765 0.09376113736509034 
0.06976924362157585 0.008577241596335062 0.022525130151032892 0.06161239651187587 
0.2342703215501662 0.17287275544383401 -0.939363453879387 0.24857416626091536 
0.2825137976976975 0.2197901804304909 0.21209245021459813 0.30329855147760526 
0.3289484932242153 -0.9370049193383739 0.2439857856432434 0.38357389899661903 
0.3694164623870426 -0.9334945681274615 0.30928936195936974 0.46647395092431265 
0.42319696961843695 0.49525860867109917 0.3934350800335805 0.5263662590589215 
0.47223968862251897 0.5819843443930354 0.4699798636974171 0.5915433634330722 
0.5297357930972573 0.6645735355008406 0.5281685182197353 0.6623247294661764 
0.594379654669291 0.7397600011805178 0.5974876151379155 0.7464703552280639 
0.6685059198097815 0.84116549111016 0.6688328908079845 0.8275194655841341 
0.7472522730811597 0.9490725482082025 0.7490160995923594 0.7491987715181286 
0.6669582222950781 0.8329247315345208 0.8336967262229978 0.670272937263583 
0.5968656349607668 0.7562774361019539 0.739202798459876 0.5971787797044081 
0.5297633320405303 0.668977288864792 0.6587856149682891 0.5290600843412228 
0.46701257592236345 0.5694741991165425 0.5926301637435478 0.43333514751751206 
0.4237350936491858 -0.9284286881121527 0.5273939283416496 0.3497694545036385 
0.37220551415420217 -0.9268154184810218 0.4476099094014262 0.28558989289206416 
0.32835242040350265 0.21725580016154777 0.32547123207739415 0.23201771757593032 
0.24680763495543856 0.19125202072157518 0.30269360420286257 -0.9224574083628826 
0.09126772325790593 0.044047122610183 0.022826749973565864 0.009762940313020175 
0.06983662843715963 0.007976378771175309 0.06224027068691327 0.05537693278274272 
0.17413253877160884 0.07679121928883044 -0.9403123107289683 0.20763204306790006 
0.28623935754808194 0.14259272694838582 0.1564941314512103 -0.9362590065095616 
0.07156520039960075 0.05553208869112555 0.06510827645157925 0.06187726821859316 
0.007521765467684161 0.02200746453294137 0.07698813291012281 0.052515129234022455 
0.4668190172663429 0.5378220445877546 -0.9356072159662739 0.5975716867770186 
0.528199718014723 0.6595062470184715 0.5060689494943821 0.6626760370335254 
0.5976975741330772 0.7374325754771146 0.6013944889098742 0.7436464833751347 
0.6680585402169746 0.8338346775223733 0.666923954529276 0.8383237755247539 
0.7515425635546764 0.939789389917422 0.7515937697367635 0.9468957388622428 
0.8414292966477314 1.072167670753434 0.847514159087377 0.847659373178326 
0.7571326753089189 0.94476073081481 0.9407264760656339 0.7484067601473356 
0.6681724098967011 0.8363764644269001 0.8485661307122933 0.666335597228625 
0.5969535632379157 0.7365257435264753 0.7474625462892184 0.5707425228076493 
0.5314814095656407 0.6374793881169184 0.6575579059211785 -0.9280912329837858 
0.005805961051267872 0.06596231645020408 0.008094237878838062 0.0844320890474203 
0.015440486629933515 0.0021417426058566113 0.08529313851520087 0.041150430326972444 
0.29780200101409826 0.1874299407500411 -0.9289730700549363 0.1861972421423868 
0.2030134105101209 0.13112004605451652 0.2533324858041609 -0.9562514927817312 
0.05016461263886871 0.020673189395529715 0.04701259840169947 0.07324793460644644 
0.024018938862484088 0.01830508557242352 0.02465548935952945 0.01856074135714666 
0.1050136388008474 0.05592927781288771 -0.9787524240857437 0.1518791790189115 
0.20399328628292185 0.14176685928139107 0.13133510148820068 -0.9337154568635683 
0.05522092539168018 0.04628369655233342 0.01973402778802662 0.07595246648485274 
0.08141336750780445 0.08546244627251512 0.007332821630722408 0.04092743341429908 
0.4778289669310508 0.5089324874511166 -0.9253664555328005 0.6614266530381421 
0.595358353757744 0.5885476572250634 0.5482194164300407 0.7499346284848439 
0.6744048356273384 0.6665189559278738 0.6595278200733878 0.8352258834755322 
0.7549694728734054 0.750678417675111 0.75041149485996 0.9466744319033492 
0.8446203606244055 0.84466212141248 0.8413334237016479 1.0726966047726483 
0.056965261244403556 0.06505802321396452 0.008989339007802955 0.08324123099638432 
0.8441532474969966 0.8397619173750901 1.0730329870072188 0.8432213246887643 
0.7545668797325831 0.7444705600017875 0.949682737658471 0.740358130461459 
0.6701378092454026 0.6420463061019128 0.8466976362065991 0.5736031064333829 
0.5621782490005226 0.566851085587603 0.7308933645967187 -0.939765983579549 
0.0720772119149781 6.5158179290844E-4 0.020128156913506445 0.04506550132083525 
0.009509172839440916 0.031374435819252366 0.005448549763864896 0.05364307862342008 
0.23262644872370658 0.1762557730246999 -0.9556680645836327 0.1317702592711421 
0.19916199966676534 0.1231826789981266 0.15043397871000402 -0.9326700158301151 
0.05977943428996588 0.07641033191168521 0.05977010702093413 0.051914366613748576 
0.08673305073213286 0.039210840257569074 0.027299690805601975 0.003468593607083248 
0.08070504600932495 0.136022296857112 -0.9242850189398786 0.11674504661180886 
0.14627703772124478 0.17951267834857548 0.10901659483092706 -0.9312778690087037 
0.03760524845321842 0.01692878651045069 0.0805482884846223 0.033081049708533254 
0.05768918056275192 0.033535203580084494 0.014324982554764465 0.0295343340267378 
0.5439444421915899 0.43657850456222413 -0.9509045799065542 0.5998478938104418 
0.6583499773778962 0.5225552603227829 0.49633398614983654 0.6661501752311189 
0.7413820829785978 0.5980999227271595 0.5947034437349755 0.7450847162929717 
0.8352014527867903 0.6725991053260411 0.670705065801512 0.8326706615325493 
0.9411200302283734 0.7508700237731153 0.7494446989993724 0.9510748269941204 
1.0718159008308734 0.8468978127623563 0.8438552414292707 0.8435131371144836 
0.937348195131264 0.7471545545176461 0.9413838968472483 0.7505870585095652 
0.8350441074179906 0.670786697313171 0.841767878638741 0.6745199086261527 
0.7355017399426956 0.5973680092050586 0.7474042830581387 0.5708910399574874 
0.5944033684126602 0.4909248549660908 0.6674172688381892 -0.9441652497345615 
0.02445452528746994 0.04407461482526396 0.06621340763449755 0.006379621597332419 
0.04962903213339932 0.04689434738089814 0.08115131444123665 0.050375585427555096 
0.1717093921651108 0.22418262619097362 -0.9291645618431824 0.1170901669143082 
0.10804904048817408 0.11939060301491185 0.15340615999149382 -0.9145654327288721 
0.09987885135565544 0.0012562061275554815 0.05189219511457697 0.0281621628046688 
0.09575574739790375 0.008012381052039186 0.04788516199910706 0.056567592243545343 
0.1012190510822338 0.1599412031984944 -0.9198930650721252 0.19680792845709158 
0.14116075114567936 0.23498321491741064 0.16177291246265346 -0.9201327504777844 
0.07480422808934149 0.03320643093751668 0.0651370330043662 0.09096060896418187 
0.07148041598995146 0.03624803063484785 0.07422805431579914 0.025647738177065827 
0.46797922019647104 0.41714224028006136 -0.935626608319275 0.5264064173665385 
0.5929672356908674 0.47186133980375905 0.4429869836973114 0.5861965724449212 
0.662219130017994 0.5306003885333036 0.5302579471395477 0.6542936181994096 
0.7470746888164814 0.5896825743822373 0.5967343355335653 0.7434740473340301 
0.850517316877534 0.6683082116642897 0.6682555409828056 0.8346891421587052 
0.9441206532902225 0.747668202177301 0.7500809256912208 0.7546825631316396 
0.8364901087549634 0.6721659588683476 0.8350782934976931 0.6655518745924628 
0.7468742984229577 0.5879455694045733 0.7438265070522606 0.5950493102073593 
0.6610210151467637 0.5279070466435105 0.6725905103106903 0.49927748497248947 
0.5718297668944147 0.4674543314902526 0.6014736845064422 -0.9268095304904403 
0.08956854039505056 0.010490901074640901 0.037878769734713914 0.0018957711484359208 
0.08326499541076555 0.0679127341117675 0.0881260010971363 0.03440738369930085 
0.13887574425522373 0.28160589597594066 -0.923055618497584 0.15393868115745532 
0.11417006567286545 0.23728632364900315 0.18696287900835096 -0.9158184870765316 
0.07193613354727488 0.03151534420353804 0.09759313430078005 0.09212428480627737 
0.029236499639735403 0.07320745781800889 0.01576647456818201 0.09120341337489199 
0.1287986389625132 0.18726577230953975 -0.9212347455074203 0.23418176426006684 
0.16825987199803114 0.2550424622999564 0.19087302495868305 0.24654456071333603 
-0.9211212745458115 0.30069236593407805 0.23353657633687155 0.3178287003331184 
-0.9356038554824163 0.3281609479047005 0.2859601369193078 0.4190989160052619 
0.4572628949551108 0.37364571173970584 0.32684481606031096 0.471584034009727 
0.5198761117085122 0.42000451223144547 0.41959623040829336 0.5347749046243137 
0.585041120871484 0.47341497027249657 0.4749708037100416 0.6054975013128994 
0.6637500521206069 0.5313172904102815 0.5317305145545224 0.6738197829059639 
0.7602345084931081 0.5974774084547873 0.6011397754601504 0.7428388666708308 
0.8387240141681895 0.6594167392893021 0.6690558989807627 0.6715269617481653 
0.741771203044619 0.5922703803160578 0.736172887912701 0.5942965464241798 
0.6646890923141345 0.5307287603047802 0.659738583767055 0.5298590790316674 
0.583810009778366 0.47426347840168764 0.5933015848394795 0.474263903536786 
0.4983116075116008 0.42424441084465037 0.5313382866259522 0.3838867573887778 
-0.9246726733736745 0.3786510684717931 0.4740571435719883 0.32989806796948695 
-0.9230310322949922 0.3296169129421204 0.39598004085341 0.25551330940858485 
0.2200571891776393 0.2907792792602159 0.3388751108450822 0.19437527558939766 
0.1357952475405785 0.21192086771450638 0.2982272160485463 -0.9189427106211621 
0.03638447565140484 0.09283381465660398 0.05309232512745757 0.05322457369797341 
0.07152612979459652 0.026835981178910718 0.003327001734902091 0.02599656811863458 
0.16675637863995876 0.14561737658993482 -0.938877474807601 0.26265669771754013 
0.22783858442960464 0.2299901719788902 0.19897185318738023 0.2897373112714773 
0.28222194890050295 0.2601295740712073 0.2597654264312979 0.3339238537655879 
0.34541616876264214 0.30025664726138196 0.29719772679349105 0.37544511490303917 
0.41337102638297163 0.3337559794464069 0.3344123683525367 0.42761852497930686 
0.46528685822107724 0.3764062205431702 0.3781907308254661 0.4798413466782841 
0.540964274042897 0.4164131883632105 0.4192365345262553 0.5193286555895289 
0.5946959202349928 0.44158763507805004 0.47582965920280346 0.5881565709301056 
0.6720882976425542 0.47853768778756683 0.5338421360718101 0.6514935739504311 
0.749666666973714 0.5357573426555973 0.5698917666471125 0.589374509144486 
0.6654376167024952 0.4984732569020033 0.6533998717433401 0.5337433020923347 
0.5949160514550791 0.4618293732306702 0.5881871983228203 0.4752939349790387 
0.5238173194869069 0.41904465738311386 0.529262526001949 0.4230331624739839 
0.4674407283773471 0.3726764973792723 0.47091284271784134 0.3716157649211474 
0.39482262484788133 0.3292900158732566 0.42123047636968236 0.3320608738851463 
0.31731396018635893 0.2999803234247226 0.3738463531193176 0.293355195140128 
0.26959741426712 0.26370407979214316 0.3317981168886486 0.245583109344066 
0.20129887554256665 0.21815352948897107 0.2994315810999921 -0.9165460632463299 
0.09710237084697888 0.07218868521499887 0.002027135202605612 0.04364534959317398 
0.04486343157598338 0.02887390772648131 0.07371792085621968 0.06244412620817236 
0.20025501028932538 0.1564725169574703 -0.9455991134992081 0.23536457271477562 
0.2546407299539222 0.20970759819923734 0.20026212613864344 0.26399579777093884 
0.2831375510185022 0.23461185617510832 0.23516954929769018 0.29728168430781476 
0.3227658406712851 0.26599418820569354 0.2645178633770409 0.33442506300322444 
0.37844548313549786 0.2937220228731286 0.29316238374430703 0.3669893615273135 
0.41364233197338784 0.33447582902173156 0.33347161504170014 0.42138887249285956 
0.4717269793412762 0.3486986796203109 0.37486166429692835 0.45647658356756216 
0.5315540873610028 -0.9203190257042385 0.41470503649068413 0.48339148280740124 
0.5926096240842915 -0.9272786628435536 0.4293794188804875 0.570274670503753 
0.6628080869594427 -0.9358406564436381 0.501001195721943 0.4916915703181663 
0.5959749439618165 -0.9258035380237026 0.5503928267606542 0.4702394346624603 
0.5291265123424416 0.3789631797438226 0.48798014540167506 0.42112367698801195 
0.4670291171167182 0.37608763059485917 0.4572502076274149 0.3746320654782018 
0.41499615696131714 0.333226759082759 0.4130662518035708 0.33934402295944616 
0.3608995937771984 0.29921130468184487 0.36962236104076907 0.29640464947104767 
0.3350297653006534 0.26291567414169636 0.3276452395258595 0.2620610323182993 
0.294899715513491 0.233493586439502 0.29148059471018456 0.18354980798534548 
0.21330611064088387 0.19164699975190672 0.2525594583698589 -0.9283729152865001 
0.009233275092452775 0.07969400126883512 0.08292372418188042 0.03855486718665751 
0.07874733323079153 0.095785604560125 0.046936409620291455 0.07808318600437203 
0.1924036170612215 0.14406657227686356 -0.9150265160439954 0.21228261167282464 
0.23806251354364927 0.1854574470963766 0.1434914426827566 0.23018899847181962 
0.25805197663758367 0.20932892923490182 0.20673443834843935 0.263537094925127 
0.29021816977906295 0.2375894457392026 0.23621818826322363 0.29984628101047095 
0.3356098833052873 0.2594261639049896 0.2635952633396533 0.32338934751200876 
0.37507834988182615 0.2983569177301601 0.3011331312209971 0.3455246101634545 
0.4110712109714904 0.2785600926010138 0.33232298990390685 -0.9205266885287797 
0.024417422651288524 0.09201898524214924 0.04568402992979919 0.07099524426034444 
0.02755103523073199 0.026152292037804725 0.08167519475269337 0.08491342502232323 
0.05442575587096732 0.01212306239959956 0.0020917689441558142 0.07454247434763397 
0.08456390248082538 0.044756636049167575 0.037335524997117696 0.08466891391092589 
0.4736886144698269 0.3193169803612106 -0.9259676808460161 0.3797322638558113 
0.4150652746888935 0.32893625306774055 0.3872002896572989 0.3335035594633436 
0.3710242983046288 0.30003564304294716 0.3671868350380217 0.29647998554750277 
0.3294904424223998 0.26331501679021846 0.3243751637573538 0.26482560997162546 
0.29871334885327755 0.23584802907687216 0.2924983602342142 0.2343689973195702 
0.2539883283921231 0.2079626966229081 0.2672885534397822 0.13933030151981377 
0.18545902716748758 0.16440190315069866 0.2286972748474991 -0.9558265896961866 
0.05088888933575339 0.03461000136944189 0.017748959103155795 0.004220866804816837 
0.0144889930530967 0.09953901765697548 0.07694083551270808 0.0024592949197243088 
0.1577681263914562 0.11910077855509203 -0.9129947004450295 0.18465331135617374 
0.19452840973364696 0.16627186859216594 0.14812134942518385 0.2098227617118825 
0.23436163619745243 0.18507351867422328 0.18668889395644156 0.2315080753617755 
0.2650496107562526 0.21139368731606972 0.21329968144165504 0.2581470133051271 
0.28893462721104973 0.22852539126051974 0.23713517864174188 0.29764275605185614 
0.3345212103156588 0.2629124257870384 0.2665625148700808 0.256243404455125 
0.33933181134443413 0.228648646467173 0.29081296155362146 -0.9199996817086151 
0.09249068739051804 0.07311556152980496 0.02624078267950535 0.026820007363139123 
0.06478976532481037 0.08331219281160775 0.07846172334184193 0.02088744528610466 
0.0014605447515620097 0.07984931106270611 0.04666112524563261 0.0862353397882965 
0.0064184195658720695 0.019373746543022 0.04015446595882055 0.09356086648853051 
0.3758503769983495 0.2633087354555054 -0.9226882643158362 0.3321149450409864 
0.36978191494214085 0.2939111411059106 0.29841242713372795 0.29646008831268916 
0.3270560896969525 0.26282698443087704 0.32975860309842003 0.2606648786889725 
0.29145966632742976 0.2328742137065285 0.2953702255255723 0.23308592741543807 
0.2654226530242175 0.21205506089481857 0.2589645188647659 0.2095525018934725 
0.22646521854649454 0.18182087537749125 0.23604775851264023 0.13922391739109424 
0.19187221746737734 0.11101264479440108 0.20278238277983732 -0.9362414672409018 
0.05403870920786518 0.07233171280039186 0.05479383553372469 0.09314263673710882 
0.05928029832308897 0.07990833781801122 0.04952977228653182 0.01177539358742853 
0.14202872699020083 0.06132638160178167 -0.931814067720339 0.16193009607904277 
0.18420074110800477 0.1134543756648439 0.12253551013576323 0.18066965751065614 
0.20608365152008512 0.13678503558251803 0.16211192219268472 0.20854168859091138 
0.23477850582927737 0.1621644232298545 0.1844521859327156 0.23046374602892483 
0.26524201830080885 0.1513021221582609 0.2106021596701097 0.25065656181806845 
0.2904499610068693 0.21284884433437332 0.22710650583595796 0.23362525870170744 
0.23755948339990293 0.180310840270546 0.2608778577860078 0.1801188792003669 
-0.9222417303752299 0.154871776517955 0.2293240469556224 0.13585768752041394 
-0.9285838533344729 0.08880731383897758 0.1920951249532706 0.10964319757813024 
-0.925885871177783 0.11767485712144617 0.11201803162564587 0.20962547655480818 
-0.9207941702659012 0.1975213729616307 0.15481449249468457 0.25029649281448535 
0.2665178756539294 0.22244033160523963 0.2094972349482178 0.29281447699462476 
0.33240623285529725 0.2524809410809443 0.26560916761732534 0.2657970083484615 
0.29524150094280716 0.22478857662329757 0.28969438473806625 0.23461678314500217 
0.2573156763006887 0.19839727386240566 0.26082972160836093 0.20789634391651982 
0.23438197191231835 0.146073572143847 0.23227146417266392 0.18675907849970816 
0.20105133764925326 0.1294997616318034 0.20820468529972053 0.11602036662320125 
0.13134482283907467 0.08667288613404475 0.18420536403733453 -0.9363367943522586 
0.07100876946822082 0.06712267813254082 0.06867338140803625 0.040938234586944726 
0.028235018291442662 0.05738098650418625 0.04036521572998826 0.008655375319146464 
0.10896968416388325 -0.9343686086160885 -0.9523593462597828 0.10005042947850169 
0.1613405821836021 -0.9148542682843414 0.045777735503227966 0.1404857929661382 
0.18395686304944825 -0.9158709010676428 0.09973118562726843 0.13958009854894124 
0.20704784465671183 -0.9241629738049819 0.12129214890306186 0.1874131817829984 
0.2310002730680899 -0.9353878946182124 0.16103824999112526 0.20561102022100153 
0.2557897955527815 -0.9180009777416593 0.18448066211928055 0.1772347464048703 
0.23149834688672344 -0.9441760134698876 0.19227830142422545 0.13733316216656125 
0.14380265578533705 -0.9355017309641085 0.17307914725525095 0.1001757331644748 
0.1084955136149934 -0.942510068866961 0.1601281528952677 0.07950661849028168 
0.13323739564776244 -0.9261105475060885 0.10115043960551237 0.16919640012984477 
0.1685916521097584 -0.9377986384964304 0.12280789037610648 0.21410888048570564 
0.2583142101229292 -0.9414157488279837 0.17490158739384012 0.2181804182077876 
0.29653641963228794 -0.9392407089771747 0.1919076365172364 0.18119571485463487 
0.2608575970383735 -0.9356520187461835 0.23162172295689473 0.17160681853586116 
0.23023864742004674 -0.9227800600952675 0.1639369956102258 0.11943832296781993 
0.20871520118643477 -0.93816135879824 0.17363133641096803 0.1344396496027348 
0.1767696980032462 -0.9237802569100276 0.15762158696301184 0.07457229369433692 
0.1134429677984812 -0.9311693645204896 0.12356590936661073 -0.9405039631382321 
0.029716151838837492 0.034798523806324956 0.06842385770555269 0.025825387866381 
0.03933332890080356 0.06733281200337939 0.03656060948567171 0.06634544136866087 
0.06365798414703143 0.0929197769560578 0.044310458991156904 0.07445880663933169 
0.09772054890101707 0.06282948085139987 0.06421929650246225 0.035975141630717945 
0.09596767736981116 0.07558162666729398 0.06373658519244056 0.03213348227255565 
0.0853323347900083 0.0774848018777744 0.013330319408405567 0.08529685878858746 
0.07475816191894301 0.030010187215859865 0.0531098761542849 0.014560680058467557 
0.012281843142654804 0.0055502941636559 0.08363258377857717 0.0947840039282268 
0.039868420974857724 0.012562807396748577 0.0073180214301717394 0.06465735556546988 
0.04758830748563665 0.023005003320309372 0.07331236741830385 0.04677556285927063 
0.051199933233776244 0.08342547300234489 0.05804585338865729 0.06439101299070775 
0.07979145562371281 0.009202593970884331 0.029239590138705508 0.08303071446817181 
0.02031584023011279 0.07837368997645053 0.07069867074542555 0.06289741092242981 
0.013430018982812653 0.08181962223739007 0.02239965879438024 0.06704290626956699 
0.04229685305776958 0.0035178248638490176 0.07045076037562045 0.013064100431884518 
0.07486566323707598 0.03519297589392998 0.019931870019401755 0.040827021284681325 
0.07450060406643856 0.07021797899889579 0.07662078922555848 0.08662298824558155 
0.07008604756210382 0.08974965681617661 0.04615472427892521 0.059048365841209975 
0.03579811765727155 0.0718686676829189 0.08589272774996769 0.07326943140349947 
0.06223911325144343 0.05529435584007613 0.07457841375284188 0.07735495078893323 
0.01556024194419945 0.06258712337878768 0.05861983375882292 0.010500499845231949 
